1,2016121923009,114.045799,22.647100,0,0
1,2016121923029,114.045799,22.647100,0,0
1,2016121923049,114.045799,22.647100,0,0
1,2016121923109,114.045799,22.647100,0,0
1,2016121923129,114.045799,22.647100,0,0
1,2016121923149,114.045799,22.647100,0,0
1,2016121923211,114.045799,22.647100,0,0
2,2016121923044,113.887001,22.574900,0,0
2,2016121923044,113.887001,22.574900,0,0
2,2016121923134,113.889702,22.572300,15,0
2,2016121923134,113.889702,22.572300,15,0
3,2016121923005,113.913902,22.533199,31,0
3,2016121923020,113.914200,22.534700,31,0
3,2016121923035,113.914398,22.535900,38,0
3,2016121923050,113.914597,22.537701,57,0
3,2016121923105,113.914902,22.539600,46,0
3,2016121923120,113.915298,22.541401,46,0
3,2016121923135,113.915497,22.542999,25,0
3,2016121923150,113.915497,22.543100,0,0
3,2016121923814,113.890800,22.587000,0,0
3,2016121923206,113.915497,22.543100,0,0
4,2016121922937,113.907097,22.583099,0,0
5,2016121923006,113.839798,22.638800,45,0
5,2016121923026,113.842201,22.635799,39,0
5,2016121923046,113.844803,22.632900,39,0
5,2016121923106,113.847603,22.630199,37,0
5,2016121923126,113.849403,22.627701,25,0
5,2016121923146,113.849503,22.626801,0,0
5,2016121923206,113.849503,22.626801,0,0
6,2016121923004,113.890404,22.560699,0,0
6,2016121923024,113.890404,22.560699,0,0
6,2016121923044,113.890404,22.560699,0,0
6,2016121923104,113.890404,22.560699,0,0
6,2016121923124,113.890404,22.560699,0,0
6,2016121923144,113.890404,22.560699,0,0
6,2016121923204,113.890099,22.560801,0,0
7,2016121923122,114.101280,22.581018,0,30
8,2016121923002,114.140900,22.576401,0,0
8,2016121923017,114.140900,22.576300,0,0
8,2016121923032,114.140800,22.576300,0,0
8,2016121923104,114.140900,22.576401,0,0
8,2016121923119,114.140800,22.576401,0,0
8,2016121923134,114.140800,22.576300,0,0
8,2016121923640,114.022400,22.610500,0,0
8,2016121923149,114.140900,22.576300,0,0
8,2016121923204,114.140900,22.576300,0,0
9,2016121923014,113.876701,22.587099,1,256
9,2016121923034,113.876701,22.587099,0,0
9,2016121923056,113.876701,22.587200,0,0
10,2016121923019,114.134430,22.573135,19,160
10,2016121923119,114.133858,22.571026,31,110
11,2016121923010,114.104897,22.541267,0,202
11,2016121923025,114.104897,22.541267,0,202
11,2016121923040,114.104897,22.541267,0,202
11,2016121923055,114.104897,22.541267,0,202
11,2016121923110,114.104897,22.541267,0,202
11,2016121923125,114.104897,22.541267,0,202
11,2016121923140,114.104897,22.541267,0,202
11,2016121923155,114.104897,22.541267,0,202
11,2016121923210,114.104897,22.541267,0,202
12,2016121923033,113.889099,22.562201,0,0
12,2016121923123,113.889099,22.562201,0,0
12,2016121923123,113.889099,22.562201,0,0
13,2016121923033,113.875198,22.583799,0,0
13,2016121923123,113.875198,22.583799,0,0
13,2016121923123,113.875198,22.583799,0,0
13,2016121923214,113.875198,22.583799,0,0
13,2016121923214,113.875198,22.583799,0,0
14,2016121923006,114.033203,22.623318,0,116
14,2016121923016,114.033218,22.623318,0,116
14,2016121923026,114.033218,22.623318,0,116
14,2016121923036,114.033218,22.623301,0,116
14,2016121923046,114.033218,22.623301,0,116
14,2016121923056,114.033218,22.623301,0,116
14,2016121923106,114.033218,22.623301,0,116
14,2016121923116,114.033218,22.623301,0,116
14,2016121923126,114.033218,22.623301,0,116
14,2016121923136,114.033218,22.623301,0,116
14,2016121923146,114.033218,22.623301,0,116
14,2016121923156,114.033218,22.623301,0,116
14,2016121923206,114.033218,22.623301,0,116
15,2016121923011,193.805893,2.069500,0,0
15,2016121923031,113.898499,22.786800,22,0
15,2016121923011,113.895508,22.787300,32,0
15,2016121923051,113.899399,22.786600,19,0
15,2016121923111,113.902397,22.785700,35,0
15,2016121923130,113.903503,22.785299,15,0
15,2016121923150,113.905998,22.784300,30,0
16,2016121923815,114.053703,22.607300,0,0
17,2016121923022,113.845200,22.600700,8,0
17,2016121923022,113.845200,22.600700,8,0
17,2016121923112,113.848000,22.603001,16,0
17,2016121923112,113.848000,22.603001,16,0
17,2016121923202,113.851303,22.604099,11,0
17,2016121923202,113.851303,22.604099,11,0
18,2016121923005,113.901299,22.569901,17,0
18,2016121923025,113.901802,22.569300,0,0
18,2016121923045,113.901802,22.569300,0,0
18,2016121923105,113.901802,22.569300,0,0
18,2016121923125,113.902100,22.569201,7,256
18,2016121923145,113.900398,22.570900,27,256
18,2016121923205,113.899498,22.571800,0,0
19,2016121923015,113.885803,22.580000,0,0
19,2016121923035,113.885803,22.580000,0,0
19,2016121923055,113.885803,22.580000,0,0
19,2016121923115,113.885803,22.580000,0,0
19,2016121923135,113.885803,22.580000,0,0
19,2016121923155,113.885803,22.580000,0,0
20,2016121923006,113.875801,22.586500,1,0
20,2016121923021,113.875504,22.586399,7,256
20,2016121923036,113.875504,22.586399,0,0
20,2016121923051,113.875397,22.586300,0,0
20,2016121923106,113.875397,22.586300,0,0
20,2016121923121,113.875397,22.586300,0,0
20,2016121923137,113.875397,22.586300,0,0
20,2016121923643,113.944702,22.676800,0,0
20,2016121923152,113.875397,22.586300,0,0
20,2016121923207,113.875397,22.586300,0,0
21,2016121923007,114.031998,22.523018,0,356
21,2016121923022,114.031998,22.523018,0,356
21,2016121923037,114.032021,22.523001,0,356
21,2016121923052,114.032021,22.523001,0,356
21,2016121923107,114.032021,22.523001,0,356
21,2016121923122,114.032021,22.523001,0,356
21,2016121923137,114.032021,22.523001,0,356
21,2016121923152,114.032028,22.523001,0,356
21,2016121923207,114.032051,22.523001,0,356
22,2016121923012,114.013496,22.668200,0,0
22,2016121923027,114.013496,22.668200,0,0
22,2016121923058,114.013496,22.668200,0,0
22,2016121923113,114.013496,22.668200,0,0
22,2016121923128,114.013603,22.668200,0,0
22,2016121923642,114.038307,22.670500,0,0
22,2016121923143,114.013496,22.668200,0,0
22,2016121923213,114.013496,22.668200,0,0
23,2016121923016,113.882797,22.602301,0,0
23,2016121923036,113.882797,22.602301,0,0
23,2016121923056,113.882797,22.602301,0,0
23,2016121923116,113.882797,22.602301,0,0
23,2016121923136,113.882797,22.602301,0,0
23,2016121923156,113.882797,22.602301,0,0
24,2016121923027,113.811798,22.627899,0,0
24,2016121923027,113.811798,22.627899,0,0
24,2016121923117,113.811798,22.627899,0,0
24,2016121923117,113.811798,22.627899,0,0
24,2016121923207,113.811798,22.627899,0,0
24,2016121923207,113.811798,22.627899,0,0
25,2016121923000,113.872002,22.599001,0,0
25,2016121923015,113.872002,22.599001,0,0
25,2016121923100,113.872002,22.599001,0,0
26,2016121922953,113.896896,22.674000,28,256
26,2016121923008,113.894897,22.674700,27,256
26,2016121923108,113.890198,22.672899,22,0
27,2016121923007,114.030701,22.664499,0,0
27,2016121923023,114.030701,22.664499,5,256
27,2016121923038,114.030098,22.665199,22,256
27,2016121923053,114.029602,22.665701,18,256
27,2016121923108,114.028893,22.666599,35,256
27,2016121923123,114.028198,22.667400,20,256
27,2016121923815,114.034698,22.659901,0,0
27,2016121923153,114.026497,22.669399,40,256
27,2016121923208,114.025703,22.670401,38,256
28,2016121923005,113.907402,22.582899,0,0
29,2016121923005,114.072998,22.629900,66,256
29,2016121923020,114.070396,22.630301,62,256
29,2016121923035,114.067902,22.630501,61,256
29,2016121923050,114.065903,22.630501,24,256
29,2016121923105,114.065399,22.631701,42,256
29,2016121923120,114.064903,22.633400,50,256
29,2016121923136,114.064102,22.635500,53,256
29,2016121923644,114.124397,22.624399,0,0
29,2016121923151,114.063202,22.637600,57,256
29,2016121923206,114.062698,22.638800,16,256
30,2016121923007,114.050980,22.537567,13,142
30,2016121923022,114.050949,22.537767,24,10
30,2016121923037,114.051987,22.538300,17,81
30,2016121923052,114.052299,22.538700,2,4
30,2016121923107,114.052567,22.539352,21,72
30,2016121923122,114.053146,22.539400,0,94
30,2016121923137,114.053230,22.539415,14,90
30,2016121923152,114.054314,22.539534,31,84
30,2016121923207,114.055519,22.539553,28,80
31,2016121923002,113.814499,22.609501,0,0
31,2016121923002,113.814499,22.609501,0,0
31,2016121923052,113.814499,22.609501,0,0
31,2016121923052,113.814499,22.609501,0,0
31,2016121923142,113.814499,22.609501,0,0
31,2016121923142,113.814499,22.609501,0,0
32,2016121923019,113.876801,22.587400,0,0
32,2016121923019,113.876801,22.587400,0,0
32,2016121923110,113.876801,22.587400,0,0
32,2016121923110,113.876801,22.587400,0,0
32,2016121923200,113.876801,22.587400,0,0
32,2016121923200,113.876801,22.587400,0,0
33,2016121923013,113.860199,22.570900,0,0
33,2016121923033,113.860199,22.570900,0,0
33,2016121923053,113.860298,22.570801,0,0
33,2016121923113,113.860298,22.570801,0,0
33,2016121923133,113.860298,22.570801,0,0
33,2016121923155,113.860298,22.570801,0,0
34,2016121922653,114.002403,22.597700,28,0
34,2016121922713,114.000198,22.595301,35,0
34,2016121922733,113.997101,22.593500,35,0
34,2016121922753,113.995789,22.593000,0,0
35,2016121922958,114.071701,22.625700,0,0
35,2016121922958,114.071701,22.625700,0,0
35,2016121923050,114.071701,22.625700,0,0
35,2016121923050,114.071701,22.625700,0,0
35,2016121923140,114.071701,22.625700,0,0
35,2016121923140,114.071701,22.625700,0,0
36,2016121923814,113.893402,22.577900,0,0
37,2016121923011,114.023598,22.673300,0,0
37,2016121923011,114.023598,22.673300,0,0
37,2016121923100,114.023598,22.673300,0,0
37,2016121923100,114.023598,22.673300,0,0
37,2016121923150,114.024002,22.674500,8,0
38,2016121923642,114.045998,22.638901,0,0
39,2016121923015,114.334503,22.775000,0,0
39,2016121923015,114.334503,22.775000,0,0
39,2016121923105,114.332001,22.775200,19,256
39,2016121923105,114.332001,22.775200,19,256
39,2016121923155,114.328697,22.773500,27,0
39,2016121923155,114.328697,22.773500,27,0
40,2016121923456,113.887100,22.574800,0,256
40,2016121923829,113.989098,22.681700,0,0
41,2016121923000,113.877602,22.594101,0,0
41,2016121923000,113.877602,22.594101,0,0
41,2016121923050,113.877602,22.594101,0,0
41,2016121923050,113.877602,22.594101,0,0
41,2016121923140,113.877602,22.594101,0,0
41,2016121923140,113.877602,22.594101,0,0
42,2016121922941,113.897697,22.562901,0,256
43,2016121922950,113.877403,22.587700,0,0
43,2016121923010,113.877403,22.587700,0,0
43,2016121923030,113.877403,22.587700,0,0
43,2016121923110,113.877403,22.587700,0,0
44,2016121923003,113.978668,22.536167,43,88
44,2016121923018,113.980141,22.536217,35,83
44,2016121923033,113.981499,22.536133,12,94
44,2016121923048,113.981529,22.536133,0,62
44,2016121923103,113.982117,22.536066,30,92
44,2016121923118,113.983437,22.536034,35,91
44,2016121923133,113.985001,22.536066,40,82
44,2016121923148,113.986549,22.535999,43,91
44,2016121923203,113.988533,22.535801,43,99
45,2016121923027,113.885597,22.571501,0,0
45,2016121923027,113.885597,22.571501,0,0
45,2016121923117,113.885597,22.571501,0,0
45,2016121923117,113.885597,22.571501,0,0
45,2016121923208,113.885597,22.571501,0,0
45,2016121923208,113.885597,22.571501,0,0
46,2016121923450,114.140503,22.576599,0,0
47,2016121923010,114.071899,22.627199,0,0
47,2016121923025,114.071899,22.627199,0,0
47,2016121923040,114.071899,22.627199,0,0
47,2016121923055,114.071899,22.627199,0,0
47,2016121923110,114.071899,22.627199,0,0
47,2016121923125,114.071899,22.627199,0,0
47,2016121923140,114.071899,22.627199,0,0
47,2016121923641,114.071503,22.626900,0,0
47,2016121923155,114.071899,22.627199,0,0
47,2016121923210,114.071999,22.627199,0,0
48,2016121923011,114.032600,22.614700,0,0
48,2016121923011,114.032600,22.614700,0,0
48,2016121923101,114.030296,22.613300,23,0
48,2016121923101,114.030296,22.613300,23,0
48,2016121923151,114.026802,22.616400,20,256
48,2016121923151,114.026802,22.616400,20,256
49,2016121923032,114.146896,22.614500,0,0
49,2016121923047,114.146896,22.614500,0,0
50,2016121923027,114.075401,22.637899,24,256
50,2016121923047,114.075104,22.638000,0,0
50,2016121923107,114.075104,22.638000,0,0
50,2016121923127,114.075104,22.638000,0,0
50,2016121923147,114.075104,22.638000,0,0
50,2016121923829,113.976189,22.680000,0,0
50,2016121923207,114.074699,22.637400,33,0
51,2016121922959,113.936417,22.521784,19,278
51,2016121923006,113.936279,22.521799,3,259
51,2016121923021,113.936218,22.521832,0,279
51,2016121923036,113.936096,22.521700,0,279
51,2016121923051,113.936150,22.521667,0,279
51,2016121923106,113.936203,22.521700,0,279
51,2016121923121,113.935417,22.521915,37,276
51,2016121923136,113.934082,22.522066,32,272
51,2016121923151,113.933647,22.521547,30,184
51,2016121923206,113.933586,22.520700,19,181
52,2016121923000,114.014297,22.638700,0,0
52,2016121923000,114.014297,22.638700,0,0
52,2016121923050,114.014297,22.638700,0,0
52,2016121923050,114.014297,22.638700,0,0
52,2016121923139,114.014297,22.638700,0,0
52,2016121923139,114.014297,22.638700,0,0
53,2016121923001,114.140800,22.576401,0,0
53,2016121923016,114.140800,22.576401,0,0
53,2016121923031,114.140800,22.576401,0,0
53,2016121923046,114.140800,22.576401,0,0
53,2016121923101,114.140800,22.576401,0,0
53,2016121923116,114.140800,22.576401,0,0
53,2016121923131,114.140800,22.576401,0,0
53,2016121923146,114.140800,22.576401,0,0
53,2016121923200,114.140800,22.576401,0,0
54,2016121923019,113.876701,22.582899,11,256
54,2016121923019,113.876701,22.582899,11,256
54,2016121923110,113.873596,22.586201,11,256
54,2016121923110,113.873596,22.586201,11,256
54,2016121923200,113.872398,22.587999,24,0
54,2016121923200,113.872398,22.587999,24,0
55,2016121923013,113.892197,22.560801,0,0
55,2016121923013,113.892197,22.560801,0,0
55,2016121923103,113.892197,22.560801,0,0
55,2016121923103,113.892197,22.560801,0,0
55,2016121923153,113.892197,22.560801,0,0
55,2016121923153,113.892197,22.560801,0,0
56,2016121923451,114.130600,22.637100,0,256
56,2016121923823,114.213600,22.712200,0,256
57,2016121923448,114.238503,22.565701,0,0
58,2016121922829,113.708801,22.832199,1,0
58,2016121923029,113.721001,22.826300,27,0
59,2016121923015,113.970589,22.697800,3,0
59,2016121923035,113.970802,22.697201,9,0
59,2016121923055,113.970802,22.696600,0,0
59,2016121923115,113.970802,22.696699,6,256
59,2016121923135,113.969101,22.696501,19,0
59,2016121922924,113.970589,22.697800,0,0
59,2016121923155,113.966499,22.695700,25,0
60,2016121923027,114.016998,22.672300,0,0
60,2016121923027,114.016998,22.672300,0,0
60,2016121923117,114.016998,22.672300,0,0
60,2016121923117,114.016998,22.672300,0,0
60,2016121923207,114.016998,22.672300,0,0
60,2016121923207,114.016998,22.672300,0,0
61,2016121923044,114.029099,22.698799,0,0
61,2016121923044,114.029099,22.698799,0,0
61,2016121923134,114.029099,22.698799,0,0
61,2016121923134,114.029099,22.698799,0,0
62,2016121923004,114.137199,22.621532,0,135
62,2016121923019,114.137199,22.621532,0,135
62,2016121923034,114.138031,22.621569,22,45
62,2016121923049,114.139954,22.622168,48,45
62,2016121923104,114.140602,22.621599,25,135
62,2016121923119,114.141418,22.620750,30,90
62,2016121923134,114.141685,22.620647,6,90
62,2016121923149,114.141830,22.620584,1,90
62,2016121923159,114.142136,22.620850,13,0
62,2016121923204,114.142281,22.621050,17,0
63,2016121923010,114.006699,22.654499,0,0
63,2016121923025,114.006699,22.654499,0,0
63,2016121923040,114.006699,22.654499,0,0
63,2016121923055,114.006699,22.654499,0,0
63,2016121923110,114.006699,22.654499,0,0
63,2016121923125,114.006699,22.654499,0,0
63,2016121923140,114.006699,22.654499,0,0
63,2016121923155,114.006699,22.654499,0,0
63,2016121923210,114.006699,22.654499,0,0
64,2016121922947,113.876198,22.595100,20,256
64,2016121923007,113.874199,22.597099,20,256
64,2016121923027,113.873901,22.597700,11,0
64,2016121923047,113.872200,22.599100,30,256
64,2016121923107,113.870003,22.601299,37,256
65,2016121923014,114.063309,22.525274,36,0
66,2016121923008,113.878197,22.587700,17,0
66,2016121923008,113.878197,22.587700,17,0
66,2016121923057,113.881798,22.583599,17,0
66,2016121923057,113.881798,22.583599,17,0
66,2016121923147,113.885101,22.580700,5,0
66,2016121923147,113.885101,22.580700,5,0
67,2016121923005,114.058723,22.528885,0,129
67,2016121923020,114.058723,22.528885,0,129
67,2016121923035,114.058723,22.528885,0,129
67,2016121923050,114.058723,22.528885,0,129
67,2016121923105,114.058723,22.528885,0,129
67,2016121923120,114.058723,22.528885,0,129
67,2016121923135,114.058723,22.528885,0,129
67,2016121923150,114.058723,22.528885,0,129
67,2016121923205,114.058723,22.528885,0,129
68,2016121922827,113.890602,22.586901,0,0
68,2016121922947,113.890602,22.586901,0,0
68,2016121923007,113.890602,22.586901,0,0
68,2016121923029,113.890602,22.586901,0,0
68,2016121923109,113.890602,22.586901,0,0
69,2016121922956,113.898148,22.516150,73,223
69,2016121923011,113.896179,22.514200,86,223
69,2016121923026,113.893669,22.511747,83,222
69,2016121923041,113.891998,22.509647,74,210
69,2016121923056,113.890518,22.507317,68,210
69,2016121923111,113.889549,22.505783,18,211
69,2016121923126,113.889534,22.505732,0,211
69,2016121923141,113.889534,22.505753,0,211
69,2016121923156,113.889534,22.505753,0,211
69,2016121923211,113.889534,22.505753,0,211
70,2016121923105,113.909508,22.707800,0,256
71,2016121923038,113.999702,22.652599,0,0
71,2016121923038,113.999702,22.652599,0,0
71,2016121923128,113.999702,22.652599,0,0
72,2016121923003,113.810699,22.627899,0,0
72,2016121923023,113.810799,22.627800,0,0
72,2016121923043,113.810799,22.627800,0,0
72,2016121923103,113.810799,22.627800,0,0
72,2016121923123,113.810799,22.627800,0,0
72,2016121923143,113.810799,22.627800,0,0
72,2016121923203,113.810799,22.627800,0,0
73,2016121923158,113.823997,22.683800,0,0
73,2016121923009,113.862701,22.574499,0,256
74,2016121923647,114.213600,22.710199,0,256
75,2016121923021,114.007401,22.653700,0,0
75,2016121923021,114.007401,22.653700,0,0
75,2016121923113,114.007401,22.653700,0,0
75,2016121923113,114.007401,22.653700,0,0
75,2016121923203,114.007401,22.653700,0,0
75,2016121923203,114.007401,22.653700,0,0
76,2016121923002,114.019798,22.668200,0,256
76,2016121923017,114.019798,22.668200,0,0
76,2016121923032,114.019798,22.668200,0,0
76,2016121923102,114.019798,22.668200,0,256
76,2016121923117,114.019699,22.668200,0,0
76,2016121923132,114.019699,22.668200,0,0
76,2016121923147,114.019699,22.668200,0,256
76,2016121923202,114.019699,22.668301,0,0
77,2016121923003,114.360497,22.844900,0,0
77,2016121923023,114.360497,22.844900,0,0
77,2016121923043,114.360497,22.844900,0,0
77,2016121923103,114.360497,22.844900,0,0
77,2016121923125,114.360497,22.844900,0,0
77,2016121923205,114.360497,22.844900,0,0
78,2016121923112,114.086929,22.537453,69,268
78,2016121923126,114.084381,22.537416,74,269
78,2016121923156,114.079369,22.535900,70,216
79,2016121923308,114.032707,22.638599,0,256
79,2016121923308,114.032707,22.638599,0,256
80,2016121922941,113.907700,22.582899,0,0
81,2016121922827,113.813568,22.623447,0,331
81,2016121922836,113.813568,22.623447,0,331
81,2016121922847,113.813568,22.623447,0,331
81,2016121922857,113.813568,22.623447,0,331
81,2016121923056,113.813568,22.623447,0,331
81,2016121923057,113.813568,22.623447,0,331
81,2016121923102,113.813568,22.623447,0,331
81,2016121923123,113.813568,22.623447,0,331
81,2016121923132,113.813568,22.623447,0,331
81,2016121923142,113.813568,22.623447,0,331
81,2016121923152,113.813568,22.623447,0,331
82,2016121923028,114.024597,22.635201,30,0
82,2016121923118,114.026611,22.626801,18,0
82,2016121923118,114.026611,22.626801,18,0
82,2016121923208,114.026802,22.626499,0,0
82,2016121923208,114.026802,22.626499,0,0
83,2016121923037,113.830200,22.636900,0,0
83,2016121921711,113.831703,22.630800,7,0
83,2016121921532,113.831902,22.636101,29,0
83,2016121921552,113.833801,22.634399,25,0
83,2016121921612,113.835701,22.632700,20,0
83,2016121921631,113.835602,22.631901,16,0
83,2016121921651,113.833603,22.631300,22,0
84,2016121923046,114.051414,22.588800,71,310
84,2016121923146,114.046165,22.597572,61,340
85,2016121923012,113.903603,22.574600,0,0
85,2016121923032,113.903603,22.574600,0,0
85,2016121923052,113.903603,22.574600,0,0
85,2016121923112,113.903603,22.574600,0,0
85,2016121923132,113.903603,22.574600,0,0
85,2016121923152,113.903503,22.574699,0,0
85,2016121923212,113.903702,22.574600,0,0
86,2016121923003,114.046333,22.525269,0,3
86,2016121923018,114.046333,22.525269,0,3
86,2016121923033,114.046333,22.525269,0,3
86,2016121923048,114.046333,22.525269,0,3
86,2016121923103,114.046333,22.525269,0,3
86,2016121923118,114.046333,22.525269,0,3
86,2016121923133,114.046333,22.525269,0,3
86,2016121923148,114.046333,22.525269,0,3
86,2016121923203,114.046333,22.525248,0,3
87,2016121922928,113.910301,22.534000,26,0
87,2016121922948,113.910301,22.531799,14,0
87,2016121923008,113.910301,22.530899,18,0
87,2016121923028,113.910103,22.528999,4,0
87,2016121923048,113.910103,22.528900,0,0
87,2016121923107,113.910103,22.528900,0,0
87,2016121923127,113.910004,22.528799,10,0
87,2016121923147,113.910004,22.527399,8,0
87,2016121923207,113.910301,22.528700,22,0
88,2016121923006,113.898308,22.583900,0,0
88,2016121923026,113.898308,22.583900,0,0
88,2016121923045,113.898308,22.583900,0,0
88,2016121923105,113.898308,22.583900,0,0
88,2016121923125,113.898308,22.583900,0,0
88,2016121923145,113.898308,22.583900,0,0
88,2016121923205,113.898201,22.584000,0,0
89,2016121923032,114.058601,22.649000,9,0
89,2016121923122,114.058701,22.649000,0,0
89,2016121923122,114.058701,22.649000,0,0
90,2016121923034,113.951286,22.541727,1,160
90,2016121923134,113.950752,22.542334,1,350
91,2016121923040,114.006599,22.651400,0,0
91,2016121923040,114.006599,22.651400,0,0
91,2016121923130,114.006599,22.651400,0,0
91,2016121923130,114.006599,22.651400,0,0
92,2016121923008,114.023293,22.677601,0,256
92,2016121923023,114.023293,22.677601,0,0
92,2016121923038,114.023293,22.677601,3,256
92,2016121923054,114.023598,22.677099,0,0
92,2016121923109,114.023811,22.677000,18,0
92,2016121923124,114.024597,22.675800,40,0
92,2016121923139,114.025398,22.674700,14,0
92,2016121923828,114.038307,22.632999,0,0
92,2016121923154,114.024696,22.674500,29,256
93,2016121923002,113.893501,22.586901,38,0
93,2016121923017,113.893997,22.585300,33,0
93,2016121923032,113.894302,22.583900,31,0
93,2016121923101,113.895897,22.582399,0,0
93,2016121923116,113.896004,22.582300,9,0
93,2016121923129,113.896400,22.582500,16,0
93,2016121923144,113.896301,22.582600,9,0
93,2016121923828,113.894501,22.585100,0,0
93,2016121923159,113.896004,22.582399,1,0
94,2016121923229,113.813103,22.623899,0,0
94,2016121923329,114.104797,22.559099,0,0
95,2016121923007,113.894501,22.583799,0,0
95,2016121923007,113.894501,22.583799,0,0
95,2016121923057,113.894501,22.583799,0,0
95,2016121923057,113.894501,22.583799,0,0
95,2016121923146,113.894501,22.583799,0,0
95,2016121923146,113.894501,22.583799,0,0
96,2016121923042,114.001198,22.661600,14,256
96,2016121923042,114.001198,22.661600,14,256
96,2016121923134,113.996803,22.663200,20,256
96,2016121923134,113.996803,22.663200,20,256
97,2016121923011,113.890701,22.589600,0,0
97,2016121923031,113.890701,22.589600,0,0
97,2016121923051,113.890701,22.589600,0,0
97,2016121923111,113.890701,22.589600,0,0
97,2016121922318,113.890900,22.589500,0,0
97,2016121923131,113.890701,22.589600,0,0
97,2016121923151,113.890701,22.589600,0,0
97,2016121923211,113.890701,22.589600,0,0
98,2016121923013,113.900002,22.556299,0,0
98,2016121923033,113.900002,22.556299,0,0
98,2016121923053,113.900002,22.556299,0,0
98,2016121923115,113.900002,22.556299,0,0
98,2016121923135,113.900002,22.556299,0,0
98,2016121923155,113.900002,22.556299,0,0
99,2016121923003,114.058197,22.721300,0,0
99,2016121923018,114.058197,22.721300,0,0
99,2016121923033,114.058197,22.721300,0,0
99,2016121923103,114.058197,22.721300,0,0
99,2016121923118,114.058197,22.721300,0,0
99,2016121923133,114.058197,22.721300,0,0
99,2016121923203,114.058197,22.721300,0,0
100,2016121923008,113.892899,22.584900,0,0
100,2016121923028,113.892899,22.584900,0,0
100,2016121923048,113.892899,22.584900,0,0
100,2016121923108,113.892899,22.584900,0,0
100,2016121923128,113.892899,22.584900,0,0
100,2016121923148,113.892899,22.584900,0,0
100,2016121923208,113.892899,22.584900,0,0
